109 4 1 13 16 4 9 12 40 10 18
135 5 2 14 16 6 29 25 30 8 22
154 5 1 8 20 16 7 35 21 41 15
128 4 4 6 4 24 20 22 36 8 42
152 1 5 2 13 25 14 29 25 38 40
120 3 7 10 9 13 6 22 20 30 19
125 5 7 9 12 7 8 28 9 40 46
98 5 5 4 13 13 6 27 8 17 30
137 5 2 12 5 25 22 24 10 32 28
119 1 9 4 15 18 13 18 20 21 37
137 3 7 15 19 9 12 25 26 21 34
151 4 5 5 9 20 23 33 9 43 9
132 1 2 4 11 7 14 28 28 37 39
104 2 4 6 6 9 15 11 18 33 42
118 0 6 6 20 6 10 18 28 24 32
142 1 1 3 3 11 22 29 35 37 39
136 4 1 4 15 11 15 24 21 41 27
137 4 7 3 13 18 7 30 29 26 48
170 1 9 14 12 9 21 28 36 40 42
124 3 9 5 7 9 29 30 10 22 36
119 2 6 15 10 11 16 15 11 33 29
99 1 1 13 11 9 7 33 13 11 49
119 2 5 3 10 17 16 14 13 39 28
137 0 5 15 13 9 28 20 26 21 30
161 4 9 14 16 25 21 25 12 35 12
165 4 2 7 19 7 12 34 35 45 50
115 0 3 6 12 5 16 21 33 19 20
141 0 7 3 7 9 28 26 26 35 31
109 0 6 8 12 11 11 6 21 34 9
145 0 2 10 3 22 10 24 30 44 32
134 4 10 11 6 22 5 26 7 43 25
161 1 9 7 10 18 25 28 39 24 21
141 2 7 12 10 19 23 11 20 37 33
157 3 1 4 11 20 25 15 37 41 33
142 0 2 7 4 19 24 15 34 37 43
109 1 3 3 17 12 23 23 19 8 22
110 5 3 12 6 21 20 26 7 10 47
139 4 10 14 8 4 16 32 15 36 49
124 0 4 3 19 22 8 32 28 8 42
113 5 7 8 12 23 8 9 20 21 10
110 5 3 6 18 16 6 25 21 10 22
138 5 5 8 15 4 14 24 33 30 35
141 2 7 15 9 15 28 33 11 21 30
151 5 6 8 13 21 21 25 36 16 13
126 3 1 6 20 20 21 15 31 9 13
79 4 4 5 4 6 7 12 25 12 17
103 2 5 9 6 21 26 8 7 19 15
134 3 6 2 3 24 6 23 33 34 48
122 3 2 4 5 19 5 34 25 25 47
122 1 2 11 7 20 8 28 17 28 32
138 1 4 4 15 23 8 33 18 32 34
110 0 8 6 4 12 9 6 33 32 21
105 4 4 3 15 13 10 10 23 23 13
132 0 5 14 12 13 17 26 10 35 45
140 3 5 5 20 11 26 30 9 31 48
128 3 3 11 9 4 14 6 35 43 11
98 1 1 11 15 4 17 19 17 13 33
121 1 9 8 5 19 24 7 31 17 11
136 0 8 9 5 4 27 30 10 43 39
100 0 6 3 8 18 18 28 9 10 38
125 0 8 11 10 12 13 22 31 18 16
129 0 2 15 20 10 12 13 35 22 30
152 3 7 11 20 15 27 12 30 27 43
139 1 8 15 5 25 14 20 20 31 16
134 1 3 12 13 15 11 30 26 23 21
152 1 2 9 16 16 5 34 31 38 21
133 1 4 7 15 19 30 20 23 14 46
157 5 7 10 18 5 19 35 28 30 25
155 3 8 12 11 18 27 27 19 30 34
123 4 1 11 15 6 15 31 24 16 45
154 0 2 6 12 16 30 33 38 17 17
155 0 1 8 4 14 20 34 34 40 26
117 4 7 14 5 23 13 35 7 9 31
146 5 7 3 18 22 10 12 24 45 11
125 4 1 5 11 20 25 32 9 18 42
131 2 3 14 12 5 30 7 35 23 17
104 2 9 8 3 10 8 15 13 36 9
174 1 9 14 15 25 28 22 40 20 16
112 1 7 14 6 4 17 11 21 31 39
114 4 8 15 4 5 23 6 10 39 49
122 0 9 5 15 12 17 15 14 35 27
106 2 6 3 5 21 10 26 18 15 41
114 1 8 15 5 9 25 11 18 22 10
155 3 8 11 20 10 29 8 40 26 12
147 5 3 6 3 9 25 16 40 40 24
90 2 4 7 5 14 10 6 19 23 13
121 3 2 11 3 17 15 21 13 36 40
105 5 5 4 6 16 9 35 14 11 45
136 3 6 6 4 14 22 21 28 32 28
151 5 1 15 7 16 29 18 25 35 22
119 4 3 5 7 8 24 13 28 27 11
134 0 2 3 15 25 15 8 29 37 15
140 5 7 9 8 12 15 17 22 45 36
175 3 5 4 12 25 16 28 37 45 27
143 4 1 3 14 13 30 27 28 23 48
146 1 1 15 16 21 19 35 8 30 30
150 1 4 2 18 23 28 29 28 17 27
166 1 4 13 10 24 6 27 40 41 47
148 1 4 6 19 11 29 35 25 18 23
159 4 5 13 14 11 23 34 28 27 31
148 2 5 4 14 8 27 18 32 38 27
146 4 6 11 16 21 7 31 15 35 50
177 0 7 13 19 18 19 22 34 45 31
120 2 9 15 10 21 17 18 7 21 36
126 4 8 6 6 15 20 15 21 31 11
117 5 4 5 6 7 18 23 16 33 31
135 0 10 4 4 10 25 35 29 18 34
125 3 6 7 18 19 6 9 29 28 9
134 3 7 4 6 5 18 33 14 44 11
115 4 5 8 14 16 6 26 8 28 12
173 3 1 9 11 13 30 32 31 43 30
130 5 4 4 7 22 7 25 32 24 19
159 4 2 15 13 25 23 24 34 19 19
148 1 10 5 4 19 27 13 40 29 22
123 3 7 9 7 6 23 25 27 16 44
133 4 3 7 17 10 22 13 20 37 16
119 4 4 8 7 12 28 20 10 26 28
148 5 5 12 8 23 25 20 27 23 39
114 1 9 3 6 21 13 22 30 9 13
155 3 4 11 13 13 20 31 29 31 21
155 1 5 9 19 14 19 29 24 35 19
119 2 2 4 17 20 13 23 26 12 31
104 1 10 11 13 15 5 13 21 15 34
146 0 3 11 19 22 10 22 19 40 45
132 1 6 9 15 9 5 23 35 29 25
148 5 2 8 6 22 18 20 35 32 12
105 5 5 14 14 4 11 31 8 13 35
139 4 8 5 13 13 22 7 37 30 23
133 0 1 15 19 15 18 10 30 25 39
142 5 7 13 5 7 27 31 7 40 19
147 3 5 15 19 24 19 32 10 20 21
120 0 3 11 9 5 17 6 39 30 35
121 2 7 9 3 10 19 12 39 20 26
125 2 8 12 19 22 27 9 9 17 19
100 5 8 6 6 18 9 25 9 14 31
139 5 2 8 14 5 28 33 22 22 29
166 3 9 13 11 11 17 32 31 39 25
103 2 2 11 11 13 27 14 12 11 37
125 0 5 5 4 14 10 35 24 28 50
119 4 5 15 9 20 10 6 20 30 37
124 0 7 6 4 10 19 22 27 29 23
146 0 2 15 13 14 24 25 21 32 18
123 5 4 6 10 12 15 32 16 23 31
131 2 4 15 17 13 27 13 21 19 48
150 3 8 2 4 21 25 20 38 29 43
159 4 8 15 19 15 28 26 29 15 41
132 0 3 7 14 13 8 33 34 20 19
144 0 6 15 10 8 28 19 34 24 21
137 3 3 11 12 6 15 9 33 45 37
90 0 1 10 15 9 19 9 15 12 35
120 2 8 8 5 8 27 27 25 10 40
109 1 5 6 18 18 9 7 22 23 26
130 1 6 4 4 24 17 22 39 13 44
131 3 1 6 9 25 29 34 15 9 35
106 2 7 8 4 7 6 25 31 16 39
145 0 3 10 5 15 19 30 39 24 29
124 0 2 13 5 5 15 21 21 42 29
119 0 10 7 16 5 19 17 23 22 12
132 1 8 6 9 21 19 22 37 9 37
133 2 3 2 7 6 10 29 32 42 44
134 2 8 15 11 19 16 27 7 29 29
125 5 10 6 7 22 21 28 18 8 31
131 3 5 5 7 25 28 9 37 12 26
97 4 3 6 3 22 9 10 24 16 40
112 5 2 11 16 5 11 14 29 19 33
153 5 3 3 12 20 7 24 40 39 39
145 3 9 2 15 20 16 24 23 33 25
97 1 10 8 7 8 11 17 8 27 28
123 1 8 6 5 17 24 25 10 27 21
100 3 6 11 3 12 5 17 24 19 13
131 5 4 4 3 16 25 6 25 43 19
138 0 4 14 13 15 27 17 40 8 44
112 3 6 7 15 25 7 9 9 31 50
116 0 1 8 12 17 5 29 28 16 49
129 0 6 7 8 13 17 16 24 38 11
143 2 6 4 10 25 15 28 16 37 17
92 5 2 13 3 4 9 28 10 18 29
91 0 1 6 3 16 7 16 24 18 16
133 2 2 6 6 5 15 33 25 39 50
96 4 4 9 6 7 7 9 20 30 27
121 2 6 14 9 18 11 6 36 19 12
119 2 6 7 9 17 12 13 35 18 9
168 0 10 7 16 14 26 35 34 26 48
114 4 3 6 3 17 26 20 13 22 30
95 3 5 3 16 7 23 8 18 12 15
128 4 8 5 12 16 27 25 11 20 22
146 5 8 14 6 4 8 31 33 37 44
163 2 2 13 16 9 24 26 37 34 44
124 2 3 11 20 7 5 16 31 29 42
94 0 7 12 15 12 5 24 11 8 10
134 5 4 5 6 5 27 34 10 38 34
116 1 3 9 13 25 21 6 16 22 18
132 5 6 13 15 23 13 12 13 32 47
113 4 10 12 4 4 17 32 22 8 11
142 3 2 14 14 9 13 30 19 38 45
101 5 8 2 13 25 8 9 21 10 47
114 0 2 15 9 17 8 12 23 28 45
128 3 7 9 8 7 5 25 33 31 44
111 2 4 4 7 10 22 20 9 33 43
95 2 5 3 7 20 18 7 12 21 46
159 5 5 12 19 23 16 11 28 40 32
169 1 1 3 17 25 26 33 26 37 32
96 3 6 6 8 4 16 21 12 20 24
125 0 7 3 12 18 25 17 31 12 9
121 5 6 2 7 14 28 11 7 41 25
136 3 5 2 6 12 15 28 38 27 15
111 1 1 9 13 25 10 15 19 18 30
142 3 5 8 8 10 18 25 40 25 36
160 5 5 4 11 22 13 17 39 44 40
178 3 2 14 14 12 22 33 38 40 10
136 1 4 9 17 9 18 16 21 41 23
67 0 4 4 12 5 17 6 11 8 22
119 3 5 2 18 17 21 16 14 23 9
134 0 5 3 3 14 17 28 39 25 46
112 0 5 8 5 12 22 9 13 38 13
120 3 3 14 9 9 13 21 20 28 26
127 1 9 5 4 16 20 9 32 31 33
133 1 3 12 10 7 10 17 32 41 18
90 1 4 12 3 12 11 15 19 13 48
127 4 7 6 9 6 21 7 33 34 13
106 4 2 4 20 16 20 16 14 10 45
145 0 9 9 3 21 30 31 11 31 47
110 5 1 3 7 25 12 23 21 13 24
141 1 3 6 19 6 28 22 27 29 11
161 2 6 12 13 22 18 23 21 44 47
132 1 8 5 18 4 8 31 36 21 13
150 4 10 10 9 12 19 32 28 26 29
136 4 2 3 3 10 14 31 24 45 50
135 2 9 8 5 13 14 32 22 30 35
118 2 5 7 20 14 9 7 21 33 39
145 4 4 6 9 6 22 28 22 44 43
79 1 10 7 3 10 10 10 17 11 46
124 0 2 2 11 24 28 13 26 18 38
122 2 5 9 5 15 10 6 38 32 27
130 4 6 10 8 24 23 21 7 27 49
108 0 3 5 19 5 6 19 28 23 34
120 5 4 7 4 20 19 17 8 36 19
135 4 8 7 17 11 26 29 9 24 35
147 5 8 14 5 10 18 31 14 42 43
127 4 8 8 8 17 15 21 37 9 34
147 0 1 8 18 15 19 30 14 42 38
86 3 3 5 10 12 8 9 11 25 44
107 5 3 10 18 15 6 7 12 31 23
113 1 6 7 18 17 7 25 17 15 17
158 1 7 12 17 23 21 28 39 10 19
134 1 9 11 17 23 18 8 13 34 22
116 1 2 2 18 22 24 22 14 11 35
120 2 2 4 6 23 13 11 24 35 31
166 4 4 15 10 23 22 23 35 30 50
155 1 9 13 14 20 24 15 26 33 23
101 5 5 7 10 16 5 12 14 27 11
138 0 5 2 10 7 14 33 33 34 33
161 4 6 13 19 8 22 24 26 39 19
155 3 4 10 7 15 28 28 33 27 15
143 5 9 15 16 24 23 9 21 21 15
130 5 5 14 5 7 7 19 31 37 25
137 1 9 11 20 19 16 13 33 15 47
143 3 5 2 17 6 22 35 39 14 24
146 0 10 8 13 8 28 28 25 26 47
116 5 10 6 10 23 8 7 9 38 18
114 0 2 7 10 21 26 19 16 13 33
141 4 2 7 13 15 23 24 39 14 22
159 3 3 4 14 25 30 18 27 35 45
132 1 1 9 20 19 23 12 8 39 35
109 1 3 9 7 8 14 18 9 40 40
108 1 10 5 13 11 25 8 24 11 30
130 1 4 15 10 23 10 6 34 27 14
158 4 5 9 14 16 5 31 37 37 33
108 3 6 3 4 7 24 16 10 35 35
144 5 8 4 18 20 28 20 7 34 39
93 2 8 3 3 20 6 17 22 12 27
115 1 2 7 6 17 5 11 39 27 45
146 1 2 15 10 9 29 30 17 33 18
101 1 2 3 7 8 9 6 26 39 18
95 3 2 9 3 24 24 8 14 8 15
131 0 2 8 11 5 23 29 15 38 43
137 0 10 7 16 24 12 27 17 24 30
171 4 8 11 19 18 27 19 36 29 20
130 1 6 8 5 4 6 35 21 44 37
163 3 10 11 16 18 19 20 28 38 48
97 1 10 8 19 8 11 6 8 26 50
146 4 9 13 9 23 11 24 25 28 49
136 0 5 5 14 13 16 29 16 38 39
108 2 9 2 12 6 11 16 13 37 47
103 1 1 12 5 5 30 15 18 16 17
139 4 6 13 4 13 22 24 34 19 41
96 2 1 10 3 15 18 10 20 17 37
140 5 2 3 12 24 19 22 16 37 31
108 4 2 12 8 20 18 8 22 14 39
127 3 9 3 20 10 9 14 37 22 30
131 4 6 3 5 23 21 28 15 26 47
126 5 2 9 20 12 25 9 25 19 18
123 2 4 4 11 11 19 24 11 37 33
142 3 5 12 15 16 23 25 26 17 10
92 5 10 8 6 9 6 21 8 19 22
144 2 5 7 16 15 30 22 26 21 34
130 0 6 3 17 20 10 25 28 21 40
121 1 8 5 20 14 27 24 12 10 34
116 1 8 9 7 11 22 12 30 16 14
117 2 4 5 14 11 28 31 8 14 41
127 4 6 10 13 25 13 14 9 33 14
84 0 3 2 7 5 5 35 10 17 48
167 2 1 15 15 25 16 23 30 40 9
146 1 7 15 8 12 16 13 38 36 14
88 3 6 10 8 8 9 12 17 15 16
126 2 4 5 5 14 13 13 38 32 26
135 1 8 9 6 19 18 23 14 37 22
107 2 9 8 5 22 13 27 13 8 12
116 2 2 12 16 17 8 31 14 14 10
144 2 9 13 5 19 14 11 38 33 18
122 2 5 13 19 22 11 32 7 11 35
130 2 8 2 13 17 14 8 26 40 41
117 0 1 12 16 4 14 7 38 25 50
120 2 4 3 9 25 24 15 9 29 44
128 1 6 11 14 23 17 31 16 9 46
118 4 2 3 12 19 12 21 14 31 48
142 3 2 5 17 19 16 32 15 33 18
131 0 6 3 6 6 29 17 22 42 42
144 5 1 7 20 6 24 26 14 41 27
95 2 10 7 13 10 10 15 20 8 22
106 0 7 6 3 8 12 31 9 30 44
125 2 6 13 4 9 8 26 32 25 20
153 4 5 8 16 23 12 22 27 36 47
165 5 5 13 9 13 21 21 39 39 41
156 1 4 10 7 18 27 30 32 27 11
141 4 9 8 3 22 16 31 12 36 32
122 1 1 15 15 5 15 28 11 31 20
128 5 1 14 10 19 5 16 36 22 48
116 2 3 10 12 25 10 8 15 31 41
158 4 6 15 14 15 30 9 20 45 32
108 3 1 10 6 10 30 8 32 8 23
144 3 4 13 16 20 10 33 16 29 49
126 2 9 5 17 14 23 23 23 10 25
143 1 1 3 10 23 8 30 23 44 45
170 4 6 4 15 17 30 26 38 30 25
154 0 4 10 17 6 26 23 26 42 18
164 5 10 15 19 22 13 28 37 15 16
141 4 4 6 14 22 7 26 13 45 46
133 0 2 9 17 9 6 9 39 42 20
86 4 8 7 15 11 10 12 9 10 33
84 3 2 11 8 13 17 6 14 10 29
123 4 5 6 14 5 24 12 23 30 23
143 4 1 14 17 16 20 20 35 16 22
128 3 3 14 7 16 10 14 16 45 15
110 2 8 12 3 18 10 18 31 8 31
159 3 3 15 16 19 10 15 33 45 32
115 1 4 5 7 13 11 26 18 30 22
154 5 7 12 9 7 22 11 36 45 12
189 5 3 15 17 15 26 31 33 44 22
130 2 7 2 9 11 29 24 36 10 43
112 1 2 14 19 4 5 24 24 19 48
100 2 5 11 10 20 23 10 7 12 14
110 1 5 7 9 15 8 14 39 12 48
158 1 9 12 6 22 23 29 30 26 31
142 1 7 3 15 13 26 14 21 42 29
145 3 1 14 15 7 27 34 24 20 12
104 4 5 11 6 15 21 8 8 26 35
166 0 4 8 14 6 21 32 38 43 44
123 2 8 10 14 7 14 18 31 19 48
122 3 7 5 6 9 28 12 28 24 23
119 1 2 15 11 11 16 20 11 32 9
112 1 4 15 4 6 7 31 9 35 43
139 5 6 7 8 15 30 22 12 34 26
90 3 7 5 6 9 14 10 17 19 15
129 1 10 5 17 12 29 6 11 38 26
123 0 6 12 20 10 25 8 15 27 47
122 3 7 5 7 6 8 13 30 43 45
140 1 6 8 10 24 8 24 27 32 12
122 1 7 7 4 13 20 25 10 35 46
130 3 4 13 14 21 9 18 36 12 48
144 3 10 6 14 19 25 11 30 26 44
151 5 2 10 3 25 23 19 29 35 9
104 1 5 5 19 10 19 12 7 26 46
151 0 7 3 8 24 27 7 33 42 13
162 0 3 9 20 13 27 27 18 45 20
141 2 7 2 18 7 12 30 38 25 50
128 0 2 15 9 15 29 9 18 31 34
147 5 2 3 8 18 21 28 26 36 32
117 5 5 8 17 20 5 14 14 29 42
148 4 9 7 8 24 16 23 30 27 38
138 3 8 11 18 14 11 19 17 37 14
98 1 3 7 6 19 6 20 13 23 15
172 0 2 8 18 19 28 25 29 43 11
139 0 5 2 10 7 19 32 38 26 23
154 4 7 2 13 19 29 6 38 36 13
120 5 1 8 11 5 5 8 32 45 22
125 2 2 14 16 8 22 32 12 17 43
160 4 7 10 15 11 21 20 27 45 13
121 2 4 12 9 4 30 20 20 20 20
137 5 9 12 12 20 14 15 30 20 16
136 1 6 4 7 9 23 13 30 43 43
99 4 1 4 10 4 12 28 10 26 12
153 5 8 3 17 17 17 25 35 26 21
127 0 8 10 6 24 22 26 22 9 46
154 5 6 13 4 4 13 32 32 45 35
94 2 9 2 5 14 11 20 12 19 17
111 2 7 8 6 10 6 25 35 12 15
116 1 2 2 13 16 14 34 23 11 13
138 0 5 2 11 25 29 11 33 22 40
89 0 3 12 7 4 8 19 12 24 16
126 4 9 8 6 6 21 21 7 44 18
100 3 8 5 4 10 8 20 34 8 20
151 4 6 10 9 13 27 32 32 18 41
138 3 6 6 15 6 20 12 38 32 41
95 4 5 7 7 11 23 11 18 9 9
130 0 7 3 6 9 19 34 31 21 12
173 5 9 11 16 20 14 21 40 37 37
125 2 5 2 14 22 17 16 26 21 49
131 4 9 5 14 10 20 31 11 27 10
134 0 7 2 16 14 30 9 14 42 26
111 5 5 6 5 21 19 25 14 11 38
138 5 7 4 18 24 6 7 24 43 45
124 2 10 5 18 15 14 16 18 26 16
136 1 7 7 13 22 20 20 34 12 13
148 0 1 13 10 23 7 34 19 41 39
117 4 5 10 4 11 25 34 13 11 36
121 5 1 11 6 8 27 10 28 25 18
144 1 5 12 10 11 19 28 35 23 10
115 1 3 15 3 19 18 12 16 28 42
168 4 6 12 18 24 22 24 27 31 14
98 4 2 12 3 17 18 9 23 10 29
161 2 4 10 16 8 26 22 35 38 25
132 4 5 8 14 16 27 30 17 11 27
164 1 4 11 20 20 30 33 9 36 50
102 4 2 7 6 9 27 22 13 12 46
116 2 3 8 11 21 19 31 9 12 12
101 0 2 6 14 4 18 26 19 12 20
101 1 3 10 3 14 15 13 21 21 24
129 0 5 13 15 10 23 27 13 23 14
114 3 5 12 4 22 18 15 22 13 13
104 0 8 7 18 9 21 16 8 17 34
125 5 9 15 11 7 22 25 15 16 24
170 4 3 11 19 17 12 27 37 40 11
118 0 8 2 6 5 7 34 17 39 44
142 0 3 14 19 8 11 34 35 18 33
140 5 4 8 6 15 28 25 31 18 43
125 5 1 12 3 15 11 28 36 14 27
168 5 10 9 6 22 18 34 25 39 41
147 5 2 2 7 25 23 34 9 40 49
130 4 6 5 8 12 21 24 22 28 10
115 1 7 3 10 24 20 11 9 30 34
132 0 7 14 11 11 24 7 29 29 38
143 2 7 9 8 23 12 20 39 23 44
121 4 9 4 10 8 15 19 10 42 42
106 0 4 10 5 9 9 20 9 40 21
149 1 1 15 7 11 9 29 35 41 21
168 3 5 14 8 25 29 21 29 34 32
129 1 6 10 14 14 8 22 15 39 16
129 3 2 10 12 4 23 20 32 23 40
127 4 7 4 15 5 9 32 23 28 46
165 5 8 4 5 25 29 12 33 44 21
127 5 3 6 14 4 20 18 25 32 21
146 0 3 15 3 23 16 26 36 24 38
118 1 7 10 15 16 24 12 24 9 38
158 0 9 4 12 20 24 20 28 41 44
121 3 8 13 4 6 8 18 40 21 25
143 1 9 15 13 9 17 29 35 15 28
150 3 3 5 17 7 23 21 36 35 9
155 1 2 6 18 22 17 33 12 44 41
116 5 1 2 18 12 19 9 21 29 50
161 2 7 13 8 16 29 12 35 39 11
113 0 3 5 6 21 17 27 17 17 27
151 5 8 14 12 18 29 24 27 14 20
133 5 8 4 6 19 21 25 23 22 16
128 5 7 3 3 23 21 9 39 18 28
118 5 4 15 12 14 5 32 16 15 39
145 3 2 10 4 6 27 33 16 44 16
105 1 3 8 6 20 10 14 17 26 18
160 3 1 15 19 4 29 8 38 43 44
139 0 8 13 20 10 18 18 24 28 9
136 0 9 13 17 5 7 30 20 35 46
131 4 4 6 7 21 5 29 16 39 49
95 0 6 10 7 14 16 23 11 8 29
107 4 2 13 20 21 7 10 7 23 32
160 5 8 10 15 20 18 14 29 41 10
107 4 5 8 5 11 23 7 8 36 15
122 2 5 14 4 15 19 18 26 19 45
151 2 1 6 19 16 5 30 35 37 12
99 2 10 11 3 6 16 20 22 9 38
133 0 9 14 16 10 7 34 15 28 36
124 5 6 3 3 18 5 27 35 22 24
135 2 9 10 6 20 26 11 39 12 48
124 4 9 15 5 13 8 34 20 16 44
117 2 5 9 4 13 18 27 11 28 46
143 0 4 11 14 21 12 8 30 43 12
113 0 6 15 12 4 20 24 8 24 30
147 3 4 4 19 24 29 26 29 9 37
137 1 1 10 19 24 14 24 27 17 38
155 1 9 5 12 11 25 17 37 38 31
161 4 10 14 18 13 22 11 37 32 11
144 0 8 12 20 6 26 16 36 20 39
88 1 5 8 19 8 8 11 10 18 29
134 5 8 12 16 24 27 14 18 10 30
122 1 7 3 5 16 6 18 23 43 38
115 2 9 9 13 6 17 6 31 22 34
109 5 3 6 17 24 5 26 11 12 16
100 4 4 4 17 14 12 8 9 28 42
153 1 2 10 12 25 23 17 24 39 41
102 5 1 8 17 4 13 21 18 15 24
149 1 6 2 5 23 30 10 31 41 43
86 1 3 11 9 4 20 14 12 12 39
130 1 8 8 19 24 5 19 14 32 17
171 3 3 11 3 25 24 31 34 37 14
141 0 5 15 19 4 6 21 36 35 49
147 4 4 9 20 5 27 26 23 29 32
174 0 1 14 16 17 26 22 38 40 45
149 0 10 5 20 23 30 15 35 11 27
118 5 2 14 20 4 12 11 31 19 27
138 1 9 8 15 4 12 23 23 43 18
123 4 3 3 14 9 18 31 25 16 41
153 3 2 11 6 18 28 24 39 22 18
133 1 10 12 10 15 27 32 10 16 25
139 2 6 10 11 11 27 31 23 18 17
129 0 2 5 13 16 30 14 21 28 9
114 1 7 4 3 8 29 28 13 21 20
160 3 6 14 12 20 8 17 39 41 33
121 2 5 9 6 4 12 18 27 38 38
111 5 7 15 16 12 11 20 10 15 39
148 2 9 15 17 8 26 14 29 28 22
132 2 2 8 4 7 30 24 38 17 41
150 2 4 12 15 16 19 22 37 23 18
114 4 9 4 9 7 28 9 12 32 33
102 1 1 12 9 6 17 14 20 22 48
136 3 8 8 18 23 10 35 12 19 41
157 3 7 14 6 25 27 33 11 31 17
170 5 6 9 15 24 25 9 32 45 25
131 1 7 8 15 25 13 22 27 13 31
154 5 7 14 10 13 19 34 13 39 43
135 0 8 7 16 5 14 16 30 39 13
141 5 10 4 8 14 29 20 7 44 15
82 2 6 14 3 8 19 8 11 11 26
131 0 9 2 4 22 22 28 31 13 23
121 4 3 4 18 16 21 12 26 17 46
156 1 9 8 18 20 10 34 38 18 49
149 5 7 12 17 17 16 7 38 30 20
119 3 4 13 9 10 7 31 17 25 13
100 0 7 6 11 12 5 12 31 16 36
119 4 2 8 6 5 19 9 26 40 23
128 5 6 9 10 5 25 11 35 22 38
150 4 3 11 16 23 23 23 26 21 28
117 0 9 7 7 18 23 13 12 28 27
106 0 2 3 9 4 20 9 28 31 13
105 1 4 10 9 4 7 31 8 31 9
117 3 9 3 16 8 11 19 16 32 12
114 5 3 4 18 7 22 13 19 23 35
117 2 5 2 7 10 7 30 26 28 43
158 1 4 10 11 19 23 29 36 25 42
137 5 7 13 3 21 21 11 25 31 47
175 3 10 12 20 16 9 28 40 37 50
105 5 9 2 11 16 6 19 13 24 36
112 1 2 5 17 9 8 11 35 24 17
124 2 3 5 14 13 9 26 18 34 10
133 3 9 15 16 14 26 28 8 14 39
127 2 9 10 18 8 9 23 22 26 44
122 1 10 5 4 25 13 13 36 15 10
123 5 9 2 14 11 6 9 33 34 22
129 3 4 4 7 15 13 16 22 45 40
132 4 6 15 3 13 14 24 18 35 12
117 3 1 15 7 18 10 15 19 29 31
139 1 1 12 5 24 23 29 17 27 42
104 5 2 6 11 20 12 13 17 18 50
121 2 6 3 4 19 23 8 26 30 12
110 2 1 2 16 14 22 6 24 23 42
131 2 10 4 18 10 29 19 22 17 50
105 0 1 4 18 13 10 26 9 24 35
122 4 9 5 16 4 5 29 25 25 48
97 5 3 14 8 13 18 16 12 8 34
145 5 9 15 15 17 29 17 23 15 43
139 2 8 14 15 12 5 31 36 16 44
168 5 7 13 20 13 14 20 32 44 32
104 3 7 14 16 10 8 18 15 13 36
123 1 10 6 19 12 9 10 25 31 37
147 5 5 8 4 9 27 21 29 39 17
111 1 2 10 5 23 24 6 24 16 25
133 4 8 12 16 19 8 13 17 36 28
95 0 4 5 13 12 7 25 18 11 10
171 0 10 14 15 18 23 23 26 42 29
112 4 10 3 3 22 12 31 18 9 39
155 5 8 15 16 8 23 25 26 29 34
106 3 3 5 9 16 7 12 13 38 16
111 1 10 2 11 17 16 19 17 18 33
139 2 8 7 9 17 25 22 33 16 15
70 3 4 5 11 6 12 9 11 9 21
131 4 5 10 16 21 20 16 15 24 15
146 3 6 15 12 7 26 19 19 39 23
116 2 1 7 6 16 22 26 10 26 42
151 5 10 9 18 22 5 28 10 44 48
150 0 9 7 13 23 15 32 25 26 19
84 4 1 6 10 19 20 6 7 11 35
142 4 10 2 20 14 22 31 13 26 33
135 0 10 6 15 17 17 22 11 37 15
163 5 5 15 17 14 12 27 38 30 12
99 4 5 7 8 22 23 6 10 14 26
108 2 1 9 14 9 28 14 19 12 38
150 4 3 6 9 14 29 25 16 44 14
117 2 8 5 18 24 18 19 7 16 46
145 0 8 5 17 10 24 7 30 44 35
138 3 6 9 4 19 20 22 40 15 18
136 5 9 6 16 14 9 31 10 36 23
161 1 9 12 4 15 19 33 39 29 47
141 4 6 9 6 13 28 17 27 31 28
108 0 8 2 9 21 11 17 23 17 48
146 1 5 14 10 16 17 18 24 41 17
132 4 7 14 5 15 20 10 15 42 38
121 0 10 14 7 23 27 12 7 21 16
155 4 6 11 11 6 22 31 28 36 13
148 4 10 5 6 24 10 28 37 24 23
136 4 1 7 8 19 15 14 28 40 24
116 0 8 7 3 9 11 30 13 35 25
93 0 3 15 7 5 7 16 31 9 48
151 4 7 15 11 18 20 12 29 35 19
117 4 2 4 8 5 23 15 13 43 11
146 4 10 7 20 5 23 21 36 20 30
145 3 3 13 12 13 23 21 13 44 14
129 4 6 9 15 17 24 9 20 25 49
134 3 5 9 14 9 23 18 10 43 25
169 1 9 2 20 19 24 26 39 29 48
129 2 3 15 12 21 6 30 29 11 42
148 0 7 13 12 4 23 34 11 44 31
122 4 7 7 18 11 16 19 16 24 47
126 2 1 14 14 22 8 28 16 21 42
67 1 3 14 5 9 8 8 10 9 16
133 2 5 14 3 13 28 22 33 13 26
152 4 9 15 12 21 18 16 33 24 32
134 0 3 15 8 14 26 22 38 8 40
136 3 4 6 10 20 23 32 29 9 9
121 0 1 15 12 23 27 13 8 22 28
120 2 9 4 9 16 19 6 11 44 13
104 4 7 5 3 9 20 8 22 26 26
98 5 3 6 7 15 23 9 8 22 25
159 4 9 2 6 25 22 31 35 25 45
123 2 6 8 15 11 11 27 17 26 32
136 5 9 13 5 19 14 28 34 9 14
140 3 4 12 10 14 29 16 32 20 22
103 5 2 13 3 4 13 19 12 32 13
172 3 4 15 18 21 24 6 40 41 49
157 4 8 2 13 17 21 22 36 34 37
115 2 6 9 5 18 10 31 15 19 44
112 2 3 14 19 18 24 7 14 11 46
164 0 6 8 14 10 23 35 34 34 22
119 2 1 14 3 20 18 18 15 28 10
158 5 4 3 9 10 30 18 38 41 42
159 4 2 11 20 23 8 27 40 24 44
154 1 6 9 13 24 21 14 21 45 32
150 2 2 13 15 17 6 12 38 45 34
123 1 2 2 8 21 15 9 23 42 28
163 4 4 15 15 21 21 32 26 25 31
129 4 5 3 8 19 17 31 10 32 26
120 0 7 15 10 7 8 23 20 30 13
80 2 9 3 8 5 9 19 16 9 41
128 0 8 5 19 5 10 28 11 42 25
120 2 3 12 16 12 20 10 30 15 49
145 4 8 7 16 23 21 23 26 17 18
156 4 9 13 16 16 19 11 29 39 12
144 0 10 7 11 8 11 30 24 43 40
137 5 7 11 11 17 27 27 16 16 21
117 0 1 10 3 9 11 29 16 38 30
123 5 5 12 4 24 17 15 18 23 27
159 4 10 8 17 12 26 25 36 21 34
154 3 8 4 19 21 19 27 29 24 17
95 2 5 4 19 5 26 13 7 14 18
121 0 8 2 4 8 14 15 37 33 12
122 4 5 10 17 23 5 7 24 27 34
112 5 6 3 20 9 10 24 24 11 31
138 1 9 6 14 6 26 33 12 31 23
107 5 1 11 5 23 15 13 22 12 31
121 3 7 2 7 20 29 7 19 27 16
100 3 8 4 6 6 15 9 23 26 25
140 1 9 13 18 25 7 30 22 15 37
118 1 10 8 12 15 10 19 25 18 14
144 4 1 7 3 12 26 25 28 38 15
106 0 9 7 4 5 7 27 31 16 15
142 4 10 4 18 13 8 30 38 17 30
125 5 5 6 20 21 26 7 12 23 38
158 2 3 12 19 24 27 23 33 15 41
108 2 3 5 8 9 18 28 9 26 13
109 3 6 3 5 21 14 19 12 26 12
133 0 7 12 12 6 22 21 35 18 46
91 1 10 4 4 11 17 9 8 27 22
115 3 8 15 4 6 9 15 24 31 41
162 4 9 14 15 13 26 30 32 19 24
151 0 6 11 7 25 25 25 32 20 19
147 0 3 2 18 13 28 20 32 31 21
150 5 8 10 7 24 16 28 40 12 42
144 1 3 2 11 7 27 19 33 41 36
150 3 8 2 19 16 26 34 23 19 11
103 3 5 14 20 7 12 7 24 11 14
99 4 10 7 3 8 20 13 18 16 16
119 3 1 13 3 13 22 16 12 36 44
125 1 5 11 8 9 14 15 34 28 35
108 3 4 11 12 17 5 6 40 10 27
138 5 9 3 6 17 16 29 24 29 50
98 3 7 7 3 24 9 7 7 31 10
131 1 10 4 18 10 9 24 22 33 25
121 5 7 14 8 14 6 18 22 27 15
104 2 2 2 6 9 15 25 23 20 26
118 2 6 13 12 19 23 7 13 23 46
144 1 3 13 19 23 16 11 22 36 13
127 1 10 15 6 19 20 17 17 22 12
149 1 6 2 16 7 20 29 37 31 18
136 3 2 14 11 16 13 26 40 11 45
129 4 5 6 17 5 12 12 35 33 17
128 0 3 11 8 24 12 31 13 26 27
152 1 4 7 14 22 28 22 30 24 9
109 3 7 5 10 11 18 9 13 33 41
111 0 1 10 4 17 30 6 26 17 48
120 3 6 7 19 11 11 24 20 19 45
122 5 5 4 12 12 14 19 15 36 25
120 0 9 6 13 25 9 10 35 13 27
153 4 8 14 14 24 14 6 34 35 32
140 4 10 6 15 23 30 29 8 15 36
166 1 1 13 16 23 27 29 40 16 18
106 2 4 2 10 8 17 26 7 30 18
95 0 8 13 3 25 10 10 7 19 20
166 1 4 2 5 16 27 30 40 41 33
117 0 8 9 4 21 13 11 12 39 50
127 1 2 3 9 14 18 34 8 38 47
152 3 4 9 14 12 20 21 25 44 21
179 5 8 9 16 22 29 30 23 37 34
144 5 2 5 5 5 26 29 27 40 34
108 4 2 4 11 7 8 7 35 30 43
142 0 6 4 9 11 25 8 38 41 42
151 3 9 11 18 4 19 15 29 43 34
139 2 8 4 20 13 22 35 15 20 13
100 3 8 8 20 9 6 27 7 12 43
145 1 1 11 10 20 30 26 35 11 18
138 5 5 15 16 7 20 16 22 32 19
106 2 5 5 14 13 19 9 26 13 23
122 1 10 4 7 22 19 6 12 41 11
135 0 9 5 4 25 27 17 18 30 40
99 2 7 11 6 7 22 26 10 8 19
120 3 2 6 20 20 28 11 21 9 28
148 0 2 5 19 6 17 35 27 37 44
150 3 9 7 7 20 28 11 38 27 25
122 1 7 12 15 11 5 32 15 24 34
126 4 7 2 20 11 20 17 26 19 38
93 0 2 2 3 7 30 20 14 15 45
137 5 9 3 18 20 6 19 37 20 14
115 4 10 7 10 5 25 14 14 26 27
73 2 2 5 10 9 6 16 12 11 46
141 4 6 12 18 16 26 15 32 12 23
135 4 7 14 15 10 27 19 23 16 35
152 5 6 14 20 7 13 30 24 33 35
142 3 1 12 19 19 13 11 24 40 30
150 0 8 15 20 7 26 29 21 24 48
79 0 4 8 11 4 5 17 21 9 31
167 1 9 12 4 22 18 27 36 38 30
139 5 10 8 8 25 13 30 19 21 15
122 4 6 14 17 5 17 28 21 10 39
99 4 8 11 8 7 9 18 19 15 33
165 1 1 9 18 20 30 23 27 36 9
162 4 8 14 4 25 26 12 37 32 45
134 4 3 11 16 20 23 30 10 17 41
152 4 4 9 19 19 30 19 26 22 36
148 0 8 9 15 22 20 34 12 28 31
163 2 9 5 7 20 29 20 38 33 14
117 1 3 2 15 21 20 24 19 12 46
116 2 2 4 14 10 6 25 34 19 43
115 4 5 12 16 21 9 6 32 10 36
114 2 7 7 20 12 17 17 13 19 30
92 3 9 2 11 5 6 15 14 27 46
133 1 10 10 10 17 13 26 32 14 36
122 2 2 6 20 25 25 12 22 8 41
136 0 1 4 3 19 21 20 40 28 39
152 4 3 2 9 23 25 25 31 30 19
98 2 4 6 6 4 17 17 28 14 40
149 0 1 7 18 14 25 35 27 22 40
129 4 4 15 18 6 13 11 26 32 40
143 5 8 15 13 7 13 7 33 42 32
127 5 7 3 9 23 7 20 40 13 11
115 3 9 11 11 7 9 22 10 33 13
132 3 9 6 10 23 24 13 35 9 25
101 1 3 2 20 11 10 9 22 23 46
108 5 4 3 17 4 16 11 12 36 43
164 5 3 5 15 22 12 26 37 39 31
110 1 7 15 6 6 18 9 13 35 38
108 3 2 5 9 21 28 19 9 12 41
154 4 5 3 20 23 16 31 21 31 27
122 0 2 12 11 5 8 17 29 38 18
117 2 1 5 20 13 8 31 27 10 23
170 0 9 4 18 20 16 24 37 42 49
152 0 6 9 11 10 25 34 36 21 24
130 2 7 9 10 23 23 8 9 39 24
75 2 5 4 3 11 17 11 14 8 45
124 5 6 13 10 6 5 24 14 41 43
181 4 7 9 15 6 30 31 38 41 39
132 3 1 10 3 9 30 21 16 39 20
119 2 1 15 3 7 12 23 17 39 26
113 2 3 6 12 7 12 22 28 21 9
149 3 6 8 20 18 22 16 15 41 26
168 3 3 9 5 23 28 32 25 40 21
111 2 2 7 3 13 13 15 25 31 13
109 2 6 3 10 18 30 10 8 22 50
102 2 1 9 5 16 9 21 25 14 33
155 2 7 5 7 16 29 34 26 29 31
102 0 9 12 7 8 5 35 15 11 28
130 0 9 7 9 10 22 7 34 32 22
140 2 8 2 3 20 12 25 39 29 27
160 1 9 14 5 25 22 24 29 31 23
119 2 6 5 10 13 11 18 12 42 39
133 3 10 15 6 15 20 28 9 27 38
127 3 7 13 9 13 28 10 13 31 25
141 5 1 7 18 23 20 10 28 29 43
119 3 1 4 15 18 8 22 35 13 39
103 1 4 4 5 5 29 9 19 27 42
122 2 6 4 6 15 20 9 30 30 30
108 5 1 7 17 17 15 18 14 14 30
139 3 8 14 11 23 30 8 27 15 48
135 2 7 8 6 17 17 16 19 43 49
137 2 9 12 13 19 16 12 25 29 44
129 4 2 12 4 19 20 15 21 32 26
123 5 2 14 10 16 11 14 17 34 24
132 2 6 13 20 14 5 35 13 24 44
152 2 2 5 9 24 19 35 26 30 15
152 4 5 11 10 25 24 24 13 36 16
152 5 8 3 12 18 16 21 39 30 16
145 3 10 13 20 5 30 14 18 32 25
125 4 4 11 20 8 5 35 16 22 46
152 1 5 11 5 21 30 25 12 42 35
145 0 10 6 8 24 16 27 37 17 15
132 5 8 13 18 23 8 35 14 8 33
130 1 1 7 12 12 26 7 25 39 47
123 4 6 10 8 18 30 16 10 21 11
128 1 3 3 17 12 8 32 26 26 37
138 1 4 8 17 5 26 21 26 30 39
142 5 8 4 14 14 15 31 13 38 23
119 0 2 12 9 4 5 34 11 42 25
130 0 2 11 11 18 28 27 21 12 47
127 5 8 2 15 25 13 14 14 31 33
147 2 4 10 3 16 28 17 35 32 36
165 5 10 8 4 20 24 26 34 34 31
130 0 2 13 6 11 25 30 18 25 34
124 5 3 10 6 12 26 26 8 28 42
110 4 2 9 17 11 19 15 25 8 16
82 4 4 4 10 8 6 24 8 14 25
156 1 3 4 12 23 22 33 18 40 22
115 2 4 13 11 14 18 34 11 8 11
164 2 7 10 16 25 16 9 39 40 49
101 0 10 10 3 12 11 8 35 12 28
134 1 2 5 5 10 24 8 39 40 12
141 1 8 7 7 7 19 29 31 32 44
136 4 1 10 13 17 20 7 38 26 26
121 5 5 15 3 21 23 26 11 12 22
107 2 5 12 15 8 19 23 13 10 11
144 4 3 8 8 21 9 34 29 28 40
87 3 8 5 15 9 5 10 13 19 36
168 1 5 2 13 20 24 33 30 40 36
124 1 4 4 15 8 24 28 30 10 17
126 1 2 6 7 21 12 12 35 30 16
118 2 5 15 12 14 19 10 33 8 48
152 2 10 9 10 5 25 26 20 45 43
107 3 6 7 10 5 25 13 14 24 20
114 4 4 5 15 24 6 14 8 34 33
148 1 4 14 20 9 23 27 32 18 41
114 2 5 2 4 17 7 13 31 33 11
101 3 5 2 4 17 8 27 21 14 35
112 4 3 9 18 10 13 6 33 16 35
109 0 1 3 13 23 12 26 16 15 37
117 2 8 11 8 13 7 18 17 33 42
120 5 6 13 7 5 9 10 23 42 41
156 4 9 13 16 24 7 24 31 28 26
119 3 9 13 16 24 16 19 7 12 30
118 3 3 5 17 11 29 23 12 15 26
114 3 3 10 4 16 24 24 21 9 37
131 0 3 3 18 10 5 31 28 33 22
113 5 2 5 14 16 23 16 10 22 30
106 0 9 14 8 17 6 24 9 19 41
140 5 2 7 3 25 30 28 12 28 46
145 0 10 12 13 22 20 15 36 17 23
95 2 7 9 5 5 16 13 25 13 27
134 1 2 6 6 14 23 22 29 31 43
124 1 2 7 15 19 30 10 21 19 50
137 4 7 2 7 18 21 14 38 26 27
120 0 2 12 15 19 22 25 10 15 50
145 0 7 2 8 20 15 13 38 42 48
128 5 9 2 4 13 18 14 25 38 13
129 0 1 6 5 7 15 27 37 31 44
126 4 3 6 19 14 23 13 9 35 28
145 3 9 6 13 25 28 12 26 23 30
142 4 5 10 10 21 6 33 13 40 20
135 1 3 13 4 11 13 24 36 30 35
132 3 1 5 12 25 21 8 33 24 19
141 2 7 2 18 23 21 24 21 23 46
118 1 4 6 16 10 10 26 8 37 12
125 3 7 10 17 19 18 10 22 19 36
136 1 7 2 17 24 24 9 7 45 37
111 0 3 4 5 20 7 15 27 30 38
100 4 5 10 9 19 6 17 19 11 31
119 4 4 15 4 10 17 8 36 21 37
132 3 4 7 12 8 15 11 38 34 23
139 3 4 12 19 20 18 6 24 33 21
148 2 9 10 3 21 22 15 29 37 9
110 1 2 5 17 20 13 14 9 29 13
140 3 6 4 3 11 21 20 27 45 30
116 2 8 7 5 24 25 16 8 21 42
138 5 4 7 18 22 17 20 7 38 28
125 0 4 12 20 10 23 13 32 11 19
158 1 10 15 16 20 12 28 39 17 44
127 4 4 11 16 10 18 10 13 41 22
149 5 5 12 13 18 14 30 11 41 15
122 2 8 14 14 8 5 35 9 27 39
125 2 4 14 6 20 13 12 10 44 10
142 5 1 11 8 23 27 20 38 9 9
110 5 4 12 12 4 17 32 13 11 15
143 1 10 10 3 18 24 27 11 39 21
116 0 1 2 12 22 25 21 9 24 16
108 1 4 8 5 15 23 25 17 10 15
117 3 5 13 7 25 6 23 16 19 40
140 4 1 11 9 4 23 21 39 28 27
140 0 7 2 7 17 20 15 40 32 45
112 2 3 7 20 25 12 13 7 23 23
160 4 5 12 10 16 19 16 36 42 18
163 3 10 8 19 8 24 19 40 32 47
92 3 7 3 7 12 11 9 22 18 29
171 5 10 15 11 17 12 20 36 45 10
114 0 1 5 15 18 5 30 18 22 13
138 3 4 15 12 20 21 17 15 31 23
146 0 10 5 10 17 30 22 37 15 20
106 2 1 11 15 13 10 26 12 16 38
125 0 9 10 19 18 22 16 19 12 10
136 2 7 9 16 20 21 8 39 14 14
118 5 4 4 15 20 9 13 40 8 10
99 1 7 9 7 7 15 13 28 12 41
109 4 1 7 20 7 14 14 15 27 18
174 1 4 15 13 19 19 22 36 45 45
137 3 8 2 10 10 17 33 10 44 23
94 1 5 8 9 7 8 12 25 19 24
120 0 3 5 7 13 9 10 32 41 18
146 1 2 15 20 11 16 12 33 36 28
157 2 9 8 15 9 29 10 38 37 48
153 4 4 10 6 22 13 14 35 45 27
98 3 5 7 4 11 6 29 24 9 9
153 2 5 5 17 24 28 23 23 26 12
153 4 5 4 5 15 30 22 23 45 29
128 1 9 7 13 4 14 19 37 24 14
122 1 4 15 15 17 14 22 17 17 47
158 2 9 11 7 20 6 32 37 34 46
135 0 7 5 19 17 9 11 32 35 44
126 3 7 14 6 18 19 20 27 12 35
126 3 3 6 9 11 11 30 40 13 23
108 5 3 2 15 8 24 12 9 30 24
150 3 5 14 12 11 13 33 24 35 37
138 2 8 7 10 7 20 20 24 40 9
106 2 1 6 10 15 24 13 23 12 13
153 5 3 9 17 23 18 14 29 35 45
118 4 5 10 9 14 6 10 32 28 15
133 0 3 7 18 19 24 18 18 26 22
154 3 9 11 10 23 14 22 39 23 15
120 2 10 11 18 19 12 21 9 18 19
115 0 10 4 20 25 7 10 29 10 18
98 0 3 10 15 12 12 7 24 15 44
140 1 8 12 18 4 16 20 19 42 34
128 4 1 8 19 25 15 35 11 10 32
111 5 10 3 10 16 6 18 35 8 47
151 1 7 12 9 10 13 27 34 38 33
108 3 2 10 12 5 23 29 9 15 50
117 2 1 5 17 12 29 8 11 32 41
152 3 5 14 12 12 6 28 27 45 42
133 0 7 11 8 19 10 25 27 26 49
137 2 1 11 6 17 23 30 29 18 30
130 0 3 3 20 13 24 9 20 38 50
139 2 7 8 20 17 22 35 14 14 24
148 2 9 4 9 14 9 31 40 30 35
125 2 3 12 17 9 15 14 8 45 25
175 0 8 4 17 21 17 33 37 38 17
128 3 4 11 13 24 9 21 25 18 32
124 0 1 3 12 12 29 18 21 28 29
122 2 8 12 6 12 7 13 27 35 11
111 3 3 3 10 18 11 15 30 18 43
163 2 3 5 3 18 30 30 37 35 43
155 1 2 11 7 17 28 27 38 24 36
111 1 7 10 7 15 8 35 20 8 26
150 5 2 15 14 25 16 10 30 33 42
139 4 4 8 20 22 25 8 20 28 31
132 1 3 4 17 23 27 28 17 12 34
128 4 7 11 3 21 16 14 25 27 24
140 1 6 6 9 9 15 24 30 40 39
120 5 9 3 19 19 23 14 18 10 9
160 3 6 6 17 18 12 34 19 45 38
126 3 8 3 3 6 29 25 27 22 22
136 2 6 9 10 19 6 34 15 35 21
184 4 3 12 9 23 28 35 32 38 22
110 5 5 7 16 12 25 18 10 12 48
137 1 5 13 19 15 18 18 25 23 45
128 2 8 3 17 16 24 10 22 26 25
104 3 4 5 3 17 16 7 11 38 40
162 0 6 7 20 15 25 16 33 40 39
131 3 2 10 17 9 12 33 31 14 49
148 1 4 7 15 24 28 18 8 43 42
158 0 1 11 14 16 25 23 25 43 12
117 5 1 6 11 19 26 9 12 28 13
152 5 9 12 20 25 24 21 22 14 50
161 2 10 12 17 6 10 30 36 38 13
127 0 2 2 12 9 18 14 31 39 36
97 0 1 2 8 9 27 8 11 31 28
142 0 10 12 15 7 17 20 37 24 28
137 2 6 9 11 4 14 15 37 39 42
119 0 8 14 9 17 21 25 16 9 32
131 3 2 7 5 14 23 22 32 23 19
119 0 4 15 7 18 13 30 20 12 40
